# SPDX-License-Identifier: BSD-3-Clause
# Copyright(c) 2020 Intel Corporation
#

# text to pcap: text2pcap packet.txt packet.pcap
# pcap to text: tcpdump -r packet.pcap -xx

# Packet 0
000000  aa bb cc dd 00 00 11 22 33 44 55 66 81 00 00 10
000010  81 00 00 11 08 00 45 00 00 2e 00 01 00 00 40 06
000020  4e b3 64 00 00 0a c8 00 00 0c 00 64 00 c8 00 00
000030  00 00 00 00 00 00 50 02 20 00 59 93 00 00 58 58
000040  58 58 58 58
# Packet 1
000000  aa bb cc dd 00 00 11 22 33 44 55 66 81 00 00 10
000010  81 00 00 11 08 00 45 00 00 2e 00 01 00 00 40 06
000020  3e b3 64 00 00 0c d8 00 00 0a 00 64 00 c8 00 00
000030  00 00 00 00 00 00 50 02 20 00 49 93 00 00 58 58
000040  58 58 58 58
# Packet 2
000000  aa bb cc dd 00 00 11 22 33 44 55 66 81 00 00 10
000010  81 00 00 11 08 00 45 00 00 2e 00 01 00 00 40 06
000020  90 c5 32 00 00 01 b8 00 00 03 00 64 00 c8 00 00
000030  00 00 00 00 00 00 50 02 20 00 9b a5 00 00 58 58
000040  58 58 58 58
